10
100
72.23 -267.48 1.00
-815.36 855.57 1.00
-170.61 584.33 1.00
371.42 -177.98 1.00
-633.54 -162.95 1.00
513.46 990.20 1.00
140.36 877.02 1.00
759.04 397.78 1.00
-337.64 266.97 1.00
458.24 272.37 1.00
-409.76 -118.45 1.00
698.76 -713.03 1.00
-337.17 806.03 1.00
-277.44 478.57 1.00
598.77 442.96 1.00
-353.19 214.65 1.00
514.88 120.57 1.00
-532.42 715.38 1.00
-379.16 478.50 1.00
-932.51 336.85 1.00
-443.51 220.82 1.00
199.50 803.20 1.00
-330.57 318.61 1.00
134.23 287.18 1.00
885.05 -867.22 1.00
358.06 -429.81 1.00
490.56 -635.79 1.00
692.47 682.03 1.00
801.15 -987.49 1.00
68.30 -454.11 1.00
-632.42 790.09 1.00
-781.56 -695.93 1.00
733.17 -830.41 1.00
624.58 182.58 1.00
728.18 421.81 1.00
823.17 6.52 1.00
-253.84 -797.62 1.00
-10.15 -197.31 1.00
-290.65 626.63 1.00
697.12 504.48 1.00
-167.38 152.91 1.00
-482.95 -793.09 1.00
257.26 -480.23 1.00
86.46 -640.58 1.00
-221.20 878.97 1.00
409.89 744.34 1.00
413.25 -488.70 1.00
803.96 -489.82 1.00
-710.75 836.39 1.00
587.12 78.90 1.00
-421.49 211.38 1.00
895.57 973.42 1.00
-333.70 -846.65 1.00
626.67 998.47 1.00
729.62 -317.26 1.00
619.96 -80.69 1.00
176.37 130.97 1.00
-975.36 746.32 1.00
722.67 -218.95 1.00
560.01 500.50 1.00
76.50 -231.68 1.00
30.97 624.79 1.00
276.82 -698.75 1.00
912.75 327.52 1.00
-986.22 -94.58 1.00
-863.27 173.90 1.00
-294.10 544.27 1.00
-746.20 548.13 1.00
616.61 -582.22 1.00
304.10 -390.22 1.00
-399.77 -202.42 1.00
745.79 166.02 1.00
366.68 -866.85 1.00
131.39 -441.63 1.00
-901.38 633.42 1.00
958.35 -354.86 1.00
-801.41 -107.15 1.00
115.51 268.13 1.00
-837.19 -855.29 1.00
-614.85 740.50 1.00
-226.76 109.03 1.00
-355.50 281.82 1.00
-694.40 325.27 1.00
-376.05 162.12 1.00
839.07 -801.60 1.00
159.76 723.57 1.00
143.10 -463.76 1.00
-790.20 -619.80 1.00
741.01 869.71 1.00
336.73 351.15 1.00
217.09 -785.46 1.00
467.55 621.78 1.00
-508.81 38.35 1.00
-942.65 -955.55 1.00
638.07 -942.70 1.00
-787.31 -157.12 1.00
624.73 158.17 1.00
-91.64 -323.24 1.00
488.04 -242.40 1.00
824.32 910.16 1.00
100
198.98 -63.53 1.00
716.15 511.52 1.00
-140.08 -480.23 1.00
-675.36 424.70 1.00
2.52 662.24 1.00
-480.88 -215.04 1.00
-988.12 -444.49 1.00
-4.85 -517.06 1.00
-5.56 -752.65 1.00
-416.17 -661.27 1.00
267.46 218.73 1.00
84.54 -489.32 1.00
37.85 -728.85 1.00
-956.73 -168.61 1.00
18.91 -938.06 1.00
501.13 -183.32 1.00
-325.26 -41.88 1.00
-408.00 127.85 1.00
-435.51 -206.29 1.00
-575.19 396.29 1.00
977.44 -219.99 1.00
-963.59 853.41 1.00
607.42 -338.53 1.00
-370.05 -260.94 1.00
878.04 444.72 1.00
639.01 743.22 1.00
296.29 142.90 1.00
633.10 -353.20 1.00
484.27 -138.92 1.00
-28.03 130.80 1.00
-505.09 -292.92 1.00
-374.43 99.81 1.00
-714.84 803.58 1.00
-871.77 114.81 1.00
127.47 187.37 1.00
69.68 -561.66 1.00
-257.26 -140.87 1.00
-125.14 590.37 1.00
-769.84 975.75 1.00
885.61 892.38 1.00
-83.61 611.60 1.00
110.85 4.32 1.00
-943.26 916.27 1.00
163.54 -25.81 1.00
136.28 168.87 1.00
-379.61 -640.28 1.00
186.15 938.70 1.00
-563.71 55.10 1.00
-784.99 673.89 1.00
-624.79 -713.88 1.00
588.17 88.45 1.00
-529.55 5.79 1.00
105.65 -74.80 1.00
-828.64 -895.23 1.00
-556.28 -556.39 1.00
89.21 -65.67 1.00
-326.09 183.29 1.00
327.80 860.06 1.00
294.48 103.41 1.00
-565.84 558.33 1.00
136.45 -826.66 1.00
-923.29 701.40 1.00
-749.08 507.71 1.00
392.33 -926.70 1.00
919.76 886.03 1.00
-937.22 229.77 1.00
418.36 -416.24 1.00
644.03 599.83 1.00
875.12 -200.49 1.00
-495.90 358.43 1.00
283.29 -198.63 1.00
885.01 930.04 1.00
461.39 -331.07 1.00
457.60 277.10 1.00
820.38 -817.10 1.00
377.96 788.28 1.00
-466.97 -785.60 1.00
172.44 466.18 1.00
19.22 -228.57 1.00
-16.98 -670.42 1.00
698.34 -963.32 1.00
-142.75 -257.90 1.00
-2.13 142.55 1.00
-148.31 -256.37 1.00
-914.06 -618.90 1.00
-35.67 -523.22 1.00
750.49 250.63 1.00
400.79 -187.73 1.00
650.70 114.76 1.00
-819.07 773.98 1.00
-171.79 -596.48 1.00
648.07 -376.77 1.00
305.72 -30.50 1.00
-568.61 -976.06 1.00
-229.09 965.75 1.00
-958.52 72.99 1.00
326.86 -725.51 1.00
727.71 0.54 1.00
330.23 -832.38 1.00
-445.15 -699.71 1.00
100
-937.55 -417.46 1.00
-405.03 466.36 1.00
-156.92 -353.40 1.00
943.15 -285.08 1.00
691.45 -595.22 1.00
-129.28 -104.22 1.00
161.90 -778.92 1.00
-141.15 908.69 1.00
-11.62 178.02 1.00
970.27 278.10 1.00
-768.07 -992.89 1.00
877.28 464.08 1.00
-142.55 -500.32 1.00
900.14 -636.02 1.00
403.98 362.86 1.00
-205.53 -167.92 1.00
-336.98 -407.32 1.00
-834.59 -680.89 1.00
581.62 -236.89 1.00
929.12 407.87 1.00
-320.91 -614.16 1.00
-487.78 -237.90 1.00
-173.38 -384.45 1.00
580.63 -930.80 1.00
-966.76 -75.14 1.00
562.38 -7.18 1.00
-216.37 -986.96 1.00
-890.33 -14.99 1.00
355.41 524.17 1.00
-597.63 -402.15 1.00
-721.84 -182.51 1.00
961.35 59.37 1.00
776.92 -716.05 1.00
871.87 -954.58 1.00
-867.26 -429.28 1.00
-47.78 154.01 1.00
-291.14 598.62 1.00
48.67 466.09 1.00
145.79 -412.10 1.00
-244.13 -277.00 1.00
-878.73 818.41 1.00
-492.53 330.78 1.00
-377.64 -804.67 1.00
-698.35 246.63 1.00
190.08 935.93 1.00
-313.67 389.01 1.00
-350.05 973.83 1.00
354.82 640.78 1.00
-410.87 -546.12 1.00
634.11 -532.44 1.00
-310.92 -65.99 1.00
-960.71 -572.37 1.00
265.79 -616.68 1.00
240.52 97.29 1.00
701.06 -363.93 1.00
450.40 537.91 1.00
-427.73 -437.51 1.00
-514.43 -711.07 1.00
488.69 115.07 1.00
-90.27 -512.18 1.00
525.17 991.72 1.00
-932.86 542.39 1.00
959.96 -614.26 1.00
18.36 856.87 1.00
-662.66 -376.20 1.00
-403.47 895.08 1.00
-497.26 111.33 1.00
-584.76 241.35 1.00
245.39 -952.81 1.00
-984.05 -944.76 1.00
180.57 172.48 1.00
669.59 173.71 1.00
-775.79 -228.40 1.00
-416.46 229.90 1.00
386.42 206.78 1.00
948.71 807.41 1.00
-990.64 -728.63 1.00
360.44 690.43 1.00
-419.45 451.53 1.00
662.83 -963.40 1.00
-129.80 283.83 1.00
-735.98 177.48 1.00
-64.26 -236.33 1.00
823.95 -309.80 1.00
618.08 -907.98 1.00
336.09 -826.26 1.00
-6.48 323.05 1.00
541.63 -786.96 1.00
794.31 99.49 1.00
-608.31 -941.72 1.00
-92.68 392.05 1.00
-489.29 480.46 1.00
-990.36 144.99 1.00
-553.61 955.26 1.00
-319.81 -354.69 1.00
642.79 -447.86 1.00
-438.01 -876.57 1.00
664.61 113.58 1.00
153.93 44.48 1.00
756.79 -755.76 1.00
100
-656.22 -411.40 1.00
-640.93 -747.51 1.00
-341.57 -199.97 1.00
153.60 595.27 1.00
698.76 710.23 1.00
-507.43 -681.72 1.00
435.29 -250.40 1.00
707.56 35.21 1.00
779.07 -934.91 1.00
-269.46 -647.73 1.00
770.91 350.13 1.00
-771.75 134.38 1.00
-706.14 148.81 1.00
368.12 161.54 1.00
-898.83 38.49 1.00
-571.39 -890.87 1.00
-901.36 -121.62 1.00
-81.05 -611.64 1.00
-545.80 -320.59 1.00
228.94 808.32 1.00
-722.46 390.79 1.00
-349.57 -46.68 1.00
-876.79 359.02 1.00
348.26 298.67 1.00
-257.73 -760.91 1.00
-471.63 676.49 1.00
-591.21 -184.37 1.00
819.13 627.72 1.00
-553.89 -1.05 1.00
717.97 114.47 1.00
-627.62 -130.36 1.00
-368.37 493.92 1.00
594.37 88.49 1.00
964.61 149.83 1.00
887.57 -116.54 1.00
698.37 702.66 1.00
-430.62 22.20 1.00
-110.88 -379.48 1.00
411.87 9.51 1.00
887.81 988.75 1.00
-924.92 304.66 1.00
-951.87 -488.68 1.00
-777.63 374.84 1.00
182.85 289.94 1.00
542.61 186.33 1.00
-898.43 -391.29 1.00
-9.96 -649.05 1.00
-839.26 -538.74 1.00
-674.33 13.16 1.00
-165.52 343.39 1.00
247.88 -965.03 1.00
-941.42 -551.30 1.00
476.82 -879.95 1.00
-610.83 -297.35 1.00
-826.34 307.45 1.00
691.60 -279.67 1.00
-359.38 -665.51 1.00
920.30 -738.33 1.00
-155.53 106.41 1.00
-480.03 768.64 1.00
773.75 -875.51 1.00
-192.07 -386.25 1.00
-412.59 679.43 1.00
-544.53 -818.29 1.00
-482.23 -173.20 1.00
-190.38 632.01 1.00
-505.67 488.74 1.00
430.32 946.99 1.00
-9.28 -630.70 1.00
-584.97 38.60 1.00
-9.98 403.85 1.00
58.40 -372.43 1.00
707.45 -380.71 1.00
229.38 606.10 1.00
997.41 42.79 1.00
975.62 -648.29 1.00
-390.24 417.75 1.00
84.96 -603.01 1.00
203.04 218.09 1.00
-66.66 904.27 1.00
-486.00 -460.38 1.00
265.22 -910.04 1.00
802.50 -723.49 1.00
326.59 -476.55 1.00
-442.47 363.74 1.00
-100.83 -929.07 1.00
900.53 889.23 1.00
-451.31 -93.81 1.00
360.61 173.64 1.00
-185.81 -524.31 1.00
410.67 -947.09 1.00
432.50 -767.94 1.00
844.17 -670.44 1.00
957.19 -435.89 1.00
-343.35 -864.09 1.00
-213.20 862.74 1.00
627.27 -69.21 1.00
-901.58 380.09 1.00
824.44 16.11 1.00
-848.32 -736.54 1.00
100
449.51 -39.46 1.00
457.62 -227.08 1.00
-378.10 -98.80 1.00
-548.69 430.22 1.00
939.09 -447.41 1.00
608.23 -357.57 1.00
-573.88 -384.41 1.00
748.96 -59.57 1.00
-666.99 -334.41 1.00
544.94 -728.89 1.00
806.82 -150.78 1.00
-660.45 3.65 1.00
467.45 -317.40 1.00
-529.98 250.00 1.00
179.17 -145.24 1.00
-506.86 711.73 1.00
-841.72 299.81 1.00
470.16 -987.80 1.00
723.09 -658.58 1.00
-789.95 -144.72 1.00
249.68 158.30 1.00
668.69 393.87 1.00
-21.89 -106.71 1.00
-178.86 -850.20 1.00
936.21 300.99 1.00
-747.70 -391.50 1.00
731.21 268.89 1.00
583.03 -120.69 1.00
635.26 -32.21 1.00
642.62 -405.25 1.00
546.86 -951.37 1.00
-423.20 -910.58 1.00
790.20 522.96 1.00
-669.01 -844.36 1.00
-487.86 -83.79 1.00
90.17 -362.24 1.00
-972.67 -356.42 1.00
15.27 101.47 1.00
224.25 -843.42 1.00
-171.70 -513.93 1.00
34.39 -406.15 1.00
-103.65 461.31 1.00
-865.19 840.87 1.00
590.85 235.15 1.00
146.37 -462.96 1.00
-943.07 561.94 1.00
238.09 -499.71 1.00
-284.16 97.92 1.00
-728.23 -633.11 1.00
-355.06 -875.90 1.00
-901.77 520.34 1.00
-435.65 -996.04 1.00
-786.65 -239.22 1.00
-574.44 -465.63 1.00
633.07 -72.21 1.00
-263.72 -509.87 1.00
-751.06 907.46 1.00
-510.94 -759.72 1.00
-14.79 676.89 1.00
772.26 -677.94 1.00
106.65 811.00 1.00
-824.78 -841.96 1.00
491.74 -370.22 1.00
173.12 -525.88 1.00
-260.89 -28.91 1.00
741.24 -397.61 1.00
-202.46 -574.50 1.00
758.70 196.50 1.00
-450.30 -518.77 1.00
-250.96 789.60 1.00
874.82 338.26 1.00
-736.35 289.13 1.00
166.07 202.88 1.00
-141.78 -793.72 1.00
57.45 246.54 1.00
-202.56 -643.22 1.00
514.99 -680.36 1.00
-835.59 -150.35 1.00
984.14 -977.08 1.00
932.73 170.25 1.00
413.32 -907.77 1.00
721.91 283.06 1.00
650.63 302.23 1.00
279.41 480.85 1.00
586.30 -695.19 1.00
801.13 995.62 1.00
-709.07 -705.29 1.00
-198.60 628.75 1.00
-78.59 -868.45 1.00
-586.69 785.79 1.00
71.04 936.60 1.00
561.82 -352.53 1.00
194.49 795.22 1.00
620.37 572.51 1.00
-479.63 -401.77 1.00
322.74 -242.38 1.00
-865.62 -737.88 1.00
-461.20 259.95 1.00
200.14 -120.76 1.00
-402.86 782.66 1.00
100
100.80 758.41 1.00
24.88 -808.95 1.00
795.95 -511.19 1.00
-473.05 981.33 1.00
-960.97 306.65 1.00
357.15 -578.11 1.00
94.55 -840.32 1.00
601.15 -362.71 1.00
591.82 -289.64 1.00
909.01 -143.22 1.00
774.73 -992.05 1.00
-852.95 -889.27 1.00
513.24 -692.96 1.00
164.51 -998.94 1.00
-354.02 702.34 1.00
-880.30 -697.92 1.00
-372.59 388.71 1.00
-931.94 310.82 1.00
795.45 -436.27 1.00
-354.39 83.05 1.00
403.08 415.01 1.00
-483.21 925.68 1.00
-365.38 -252.92 1.00
-766.79 -368.39 1.00
234.52 63.78 1.00
-833.78 -334.33 1.00
-559.07 -826.90 1.00
744.16 390.91 1.00
687.33 223.30 1.00
-61.39 -930.68 1.00
-538.72 613.99 1.00
230.71 973.73 1.00
-592.97 274.36 1.00
-646.03 664.97 1.00
321.78 -814.91 1.00
-20.59 103.30 1.00
626.35 -331.97 1.00
850.01 934.01 1.00
901.44 -300.89 1.00
535.50 -802.40 1.00
-898.79 -903.78 1.00
493.66 -265.96 1.00
-781.40 -907.92 1.00
892.49 -495.78 1.00
477.44 505.45 1.00
198.04 -319.94 1.00
283.82 29.92 1.00
61.68 936.55 1.00
-940.17 966.00 1.00
929.48 651.35 1.00
-175.19 -878.97 1.00
457.01 -431.01 1.00
-873.38 381.78 1.00
-988.66 -159.43 1.00
-215.90 -465.70 1.00
450.62 -377.98 1.00
-615.02 377.75 1.00
-766.56 -389.27 1.00
160.37 -419.51 1.00
-414.14 103.08 1.00
586.95 880.72 1.00
464.50 297.12 1.00
-98.07 -257.27 1.00
540.47 -337.18 1.00
656.28 507.12 1.00
978.16 768.09 1.00
-939.34 530.57 1.00
-430.71 -551.84 1.00
419.08 -368.38 1.00
123.24 271.32 1.00
706.04 -365.34 1.00
-784.67 -525.78 1.00
65.54 -356.66 1.00
-949.22 -195.14 1.00
-764.38 856.24 1.00
-832.61 784.02 1.00
471.76 631.01 1.00
-202.23 -333.78 1.00
346.13 273.64 1.00
-863.17 -408.87 1.00
994.42 763.43 1.00
-620.44 805.25 1.00
-638.77 653.06 1.00
-333.24 -27.36 1.00
842.41 -741.61 1.00
962.81 72.55 1.00
532.28 515.15 1.00
778.48 -385.56 1.00
101.48 90.69 1.00
-490.61 -272.69 1.00
-948.76 -393.67 1.00
968.93 1.46 1.00
-733.49 -428.25 1.00
148.80 429.24 1.00
910.58 -514.86 1.00
-402.28 -132.31 1.00
569.91 533.15 1.00
-283.82 -540.52 1.00
278.12 -117.81 1.00
499.80 -980.96 1.00
100
-626.79 -168.31 1.00
297.81 -634.02 1.00
-910.61 -193.19 1.00
-723.29 -155.66 1.00
-488.05 -955.32 1.00
-165.53 89.32 1.00
-135.04 767.15 1.00
-605.85 -107.51 1.00
150.64 701.25 1.00
216.91 326.33 1.00
-767.98 -112.13 1.00
40.36 295.82 1.00
744.85 345.65 1.00
332.06 -955.30 1.00
-583.58 706.86 1.00
166.31 -125.23 1.00
601.44 -944.17 1.00
879.40 355.17 1.00
-225.55 -166.42 1.00
54.09 254.43 1.00
-62.40 -490.00 1.00
373.54 703.62 1.00
645.73 -597.67 1.00
-323.43 978.76 1.00
-784.52 -996.84 1.00
-781.90 -54.43 1.00
995.00 -142.40 1.00
845.49 436.94 1.00
432.02 -797.54 1.00
-868.47 945.54 1.00
201.74 -570.05 1.00
-826.42 -542.41 1.00
129.91 780.32 1.00
-375.02 241.39 1.00
649.88 132.57 1.00
721.39 911.99 1.00
10.67 340.77 1.00
291.87 -241.81 1.00
254.17 -696.53 1.00
-300.37 -461.33 1.00
929.32 767.12 1.00
782.48 941.30 1.00
253.57 -477.60 1.00
-817.80 -131.72 1.00
-948.18 -810.06 1.00
-912.87 310.81 1.00
-34.45 523.05 1.00
-665.89 -497.01 1.00
767.23 394.17 1.00
-231.19 -551.45 1.00
-884.89 -464.65 1.00
250.51 -160.18 1.00
625.54 -250.43 1.00
-186.42 -474.22 1.00
-260.41 828.93 1.00
-115.40 770.73 1.00
75.44 758.50 1.00
-391.64 -430.63 1.00
-604.29 -282.69 1.00
-772.13 811.87 1.00
-202.62 -634.70 1.00
-415.00 679.78 1.00
324.31 -618.43 1.00
-156.54 -966.15 1.00
-427.96 481.90 1.00
350.41 -556.18 1.00
188.16 -188.63 1.00
-948.23 -277.88 1.00
-137.43 -427.97 1.00
-352.75 380.73 1.00
41.74 150.01 1.00
-825.99 -906.88 1.00
711.25 696.60 1.00
-987.82 976.93 1.00
-400.91 478.55 1.00
-492.75 -828.43 1.00
89.98 -751.84 1.00
-315.50 -324.50 1.00
-462.39 -685.37 1.00
-294.40 74.43 1.00
-972.98 -978.95 1.00
-535.61 819.73 1.00
579.67 -245.55 1.00
-698.70 -378.09 1.00
-518.50 -974.57 1.00
826.94 -725.20 1.00
113.48 203.36 1.00
120.19 702.62 1.00
-528.31 -399.74 1.00
-478.15 623.13 1.00
-943.06 71.82 1.00
366.46 -235.58 1.00
335.72 -189.63 1.00
-534.94 -272.68 1.00
-983.00 -605.12 1.00
-348.94 678.09 1.00
394.65 373.96 1.00
923.00 289.69 1.00
-924.13 -54.91 1.00
471.20 167.69 1.00
100
-567.66 149.93 1.00
820.00 -343.19 1.00
616.07 -845.41 1.00
991.15 -791.77 1.00
969.12 13.95 1.00
-474.72 -698.45 1.00
335.00 -946.72 1.00
489.12 874.81 1.00
-853.68 187.84 1.00
-117.39 437.19 1.00
-904.87 726.05 1.00
318.59 -727.47 1.00
-148.17 -927.58 1.00
-212.31 -501.62 1.00
300.65 354.45 1.00
522.04 412.68 1.00
-246.03 336.68 1.00
217.63 -390.29 1.00
-550.61 -962.38 1.00
149.43 81.24 1.00
433.58 775.25 1.00
558.92 187.13 1.00
-349.48 -8.95 1.00
-983.72 118.31 1.00
170.04 -214.91 1.00
-956.83 -559.66 1.00
701.31 213.42 1.00
337.21 933.78 1.00
-82.18 -270.41 1.00
-367.72 -635.81 1.00
-195.56 377.66 1.00
534.94 278.61 1.00
-421.34 702.06 1.00
1.97 917.42 1.00
985.79 721.04 1.00
284.51 -528.81 1.00
309.75 -637.75 1.00
969.14 -24.86 1.00
593.03 -397.36 1.00
56.87 -394.91 1.00
-20.67 463.56 1.00
653.80 402.80 1.00
441.60 239.57 1.00
132.38 292.70 1.00
350.34 -505.13 1.00
728.21 942.95 1.00
-815.63 -929.74 1.00
-812.86 -275.50 1.00
436.49 179.93 1.00
-408.05 314.50 1.00
-150.46 904.39 1.00
332.17 -575.02 1.00
-589.34 91.71 1.00
348.37 -289.68 1.00
-283.27 628.32 1.00
-594.29 92.19 1.00
-862.56 844.95 1.00
820.68 392.72 1.00
-198.84 386.58 1.00
-834.96 202.42 1.00
-195.88 477.57 1.00
36.48 196.29 1.00
952.48 -631.32 1.00
-608.46 909.41 1.00
-176.32 335.61 1.00
-986.16 763.66 1.00
339.11 273.08 1.00
575.38 503.58 1.00
-147.02 24.81 1.00
718.28 -959.62 1.00
-609.53 -859.52 1.00
-47.25 -397.58 1.00
-798.51 535.91 1.00
-866.11 499.76 1.00
-390.25 236.52 1.00
890.56 -975.64 1.00
56.09 -539.30 1.00
636.36 924.33 1.00
-180.79 896.00 1.00
-371.34 650.45 1.00
-506.18 349.24 1.00
-512.85 127.31 1.00
-982.49 -447.94 1.00
764.80 977.03 1.00
-701.47 486.71 1.00
542.93 238.37 1.00
725.60 -157.91 1.00
-127.15 533.17 1.00
211.57 -311.53 1.00
-579.82 -630.11 1.00
-7.57 -334.86 1.00
564.64 234.11 1.00
316.79 -614.10 1.00
569.07 591.19 1.00
555.74 971.08 1.00
-792.45 790.35 1.00
-358.39 -621.85 1.00
700.36 -747.07 1.00
59.16 -356.48 1.00
-804.78 330.06 1.00
100
718.13 491.09 1.00
-392.66 309.39 1.00
351.60 -467.45 1.00
-526.17 239.86 1.00
905.76 648.20 1.00
681.44 119.01 1.00
-399.10 561.57 1.00
762.64 -157.63 1.00
-260.46 -312.30 1.00
-915.70 -385.16 1.00
-33.08 -639.79 1.00
186.88 962.55 1.00
517.34 241.10 1.00
853.53 954.80 1.00
809.87 188.44 1.00
732.26 -49.93 1.00
-691.77 997.17 1.00
454.65 -151.97 1.00
-924.32 -0.51 1.00
-804.65 60.37 1.00
-427.65 992.43 1.00
698.68 -816.07 1.00
-828.18 414.03 1.00
326.63 -127.76 1.00
-712.48 -845.14 1.00
-256.97 719.85 1.00
-362.48 -195.70 1.00
439.01 254.78 1.00
-784.05 -152.06 1.00
-83.92 -598.69 1.00
-513.84 513.77 1.00
484.39 -59.93 1.00
942.96 -759.89 1.00
-700.12 -856.79 1.00
440.90 994.93 1.00
-621.41 152.66 1.00
464.55 61.21 1.00
-10.55 -521.23 1.00
-90.25 228.23 1.00
832.06 786.83 1.00
-690.94 -679.78 1.00
-146.52 319.00 1.00
-924.63 706.76 1.00
838.28 -453.96 1.00
531.29 -215.37 1.00
109.37 479.93 1.00
-94.46 -496.58 1.00
63.24 -533.88 1.00
-474.96 -247.29 1.00
-741.92 -643.19 1.00
18.91 -243.64 1.00
-6.19 726.07 1.00
-658.95 546.40 1.00
-836.51 -865.92 1.00
523.66 195.73 1.00
-724.38 757.11 1.00
448.72 764.34 1.00
-248.20 -56.20 1.00
858.10 -909.66 1.00
-756.78 -692.86 1.00
169.84 -938.43 1.00
-279.40 -155.46 1.00
576.97 289.28 1.00
570.44 -723.57 1.00
955.53 132.58 1.00
178.50 729.35 1.00
-877.41 34.70 1.00
-997.35 -182.22 1.00
-948.34 -449.79 1.00
-95.91 159.97 1.00
-48.74 634.41 1.00
964.81 -905.72 1.00
-111.31 852.89 1.00
-833.67 -233.55 1.00
102.00 260.76 1.00
-572.72 -25.05 1.00
-846.26 70.14 1.00
-257.42 -851.92 1.00
560.93 727.27 1.00
792.43 840.61 1.00
-82.20 800.39 1.00
-772.82 830.45 1.00
295.91 -387.94 1.00
273.01 687.81 1.00
551.69 884.18 1.00
-537.91 -231.67 1.00
-401.64 324.85 1.00
-609.56 -963.57 1.00
-575.47 85.60 1.00
-443.48 416.68 1.00
92.95 -869.19 1.00
536.02 976.67 1.00
-347.20 -285.36 1.00
-145.03 -685.28 1.00
-487.82 483.93 1.00
-268.46 918.07 1.00
979.84 -769.46 1.00
57.23 652.87 1.00
-918.93 -661.14 1.00
-108.60 348.12 1.00
100
-904.07 -741.11 1.00
-147.27 -60.85 1.00
-406.65 -890.53 1.00
938.14 35.25 1.00
-805.69 -493.30 1.00
152.88 -970.29 1.00
650.25 405.52 1.00
-385.02 -789.27 1.00
-23.40 -139.07 1.00
-991.61 308.13 1.00
-720.83 2.03 1.00
270.84 -719.27 1.00
561.53 -634.36 1.00
836.17 775.11 1.00
-214.10 -140.46 1.00
-70.85 123.48 1.00
558.85 -246.71 1.00
700.93 934.70 1.00
164.26 238.92 1.00
145.37 -618.36 1.00
628.98 -772.40 1.00
692.55 100.64 1.00
418.31 -435.08 1.00
-526.35 423.68 1.00
-459.34 -93.99 1.00
-40.50 549.28 1.00
517.99 514.50 1.00
484.66 -929.91 1.00
128.11 -981.66 1.00
47.82 720.59 1.00
-444.05 -311.65 1.00
587.86 -836.43 1.00
354.70 -31.53 1.00
759.67 166.66 1.00
168.08 976.90 1.00
-100.88 862.49 1.00
70.72 501.67 1.00
-106.99 280.14 1.00
84.58 891.32 1.00
-82.61 990.13 1.00
-356.50 -468.66 1.00
-522.60 907.10 1.00
782.42 234.24 1.00
-434.76 524.74 1.00
-926.39 446.58 1.00
542.10 260.93 1.00
-604.21 651.66 1.00
237.00 2.92 1.00
-268.37 378.16 1.00
-497.17 358.85 1.00
-674.92 -4.53 1.00
-291.94 177.93 1.00
-512.57 -113.08 1.00
583.70 994.58 1.00
-225.32 815.15 1.00
595.01 -298.52 1.00
591.79 -679.24 1.00
64.46 71.35 1.00
-829.98 940.67 1.00
247.14 427.56 1.00
996.01 -156.79 1.00
613.02 782.72 1.00
151.27 -968.13 1.00
559.85 -550.79 1.00
38.01 -284.99 1.00
752.44 756.59 1.00
-683.78 -6.57 1.00
578.22 322.11 1.00
-614.07 -735.30 1.00
51.90 -179.80 1.00
-655.95 415.78 1.00
997.04 -350.78 1.00
-527.88 958.34 1.00
-27.87 -705.04 1.00
-433.47 -974.09 1.00
614.99 890.89 1.00
897.13 197.14 1.00
-944.60 850.61 1.00
-914.52 442.39 1.00
-553.91 338.26 1.00
667.96 561.36 1.00
-80.08 861.62 1.00
-769.85 749.25 1.00
-654.15 -954.16 1.00
-342.84 714.52 1.00
908.04 -786.45 1.00
-358.33 455.93 1.00
-637.58 351.95 1.00
-158.37 90.03 1.00
580.26 674.88 1.00
-589.10 442.73 1.00
569.51 -313.45 1.00
394.53 446.68 1.00
-288.77 301.53 1.00
554.16 95.14 1.00
-193.38 294.66 1.00
639.02 303.06 1.00
-449.21 727.83 1.00
193.91 -919.88 1.00
604.93 -89.99 1.00
