100
41534 45153
70164 21713
28021 23913
78467 7648
57597 8256
14346 58479
2 0
51338 25829
56459 25250
9524 77512
73889 2527
0 1
43251 54355
94946 4656
35747 32132
65693 27717
53357 5130
98880 912
37158 19641
17102 66462
84156 10228
41845 39655
74925 15163
28643 6793
16522 44906
93314 221
4146 18879
58026 24942
58627 16946
17845 60387
85278 13920
61022 30186
2691 21374
36668 30679
0 100000
1 1
85717 3503
92096 1737
43451 25603
29079 42672
93410 5708
7 13
9715 45905
49328 7299
62161 24134
18485 68889
11679 74962
75734 4966
40459 15037
77387 2842
95964 1275
24584 73510
36021 22669
50000 50000
85190 2511
38178 18391
96771 2873
72465 24305
10714 21396
48593 34852
52530 28204
40048 31652
74627 7456
34759 19331
63502 13383
45258 49360
16952 73791
84393 9423
71537 10478
33153 64656
8206 44095
87120 11652
36038 21709
24265 22727
0 2
100000 0
3065 78289
34963 21540
26811 49647
5750 44489
61101 16772
33510 10171
77137 20337
80095 3201
70608 13430
68054 8532
96529 3072
1901 1683
11368 13803
55352 27625
1 0
66017 3887
38470 59434
67057 21659
9 11
71022 28085
59414 22514
7679 85115
3313 78106
33601 3391
