100
2 1 2
3 2 2
1 100000 1
1 100000 2
100000 100000 100000
99999 99979 99971
99983 99989 99989
98765 100000 99979
98761 100000 99991
96762 100000 99991
72466 38115 2692
35169 94947 71538
31032 85718 5036
9525 98342 73300
15466 67058 60548
48594 72510 57459
62162 89970 26812
36716 87121 96530
52700 97276 30838
53358 97982 2637
43252 96772 33602
55946 95871 92510
82621 97770 95039
57020 95022 71588
22917 98729 39906
83559 99424 32062
8313 92083 52935
3692 93424 17616
64767 99279 5016
55593 95302 34683
8918 89055 19159
59394 99516 33057
42414 94929 36321
41902 99710 88178
95154 99683 76688
3861 96916 79968
32264 97483 49514
11764 92422 21606
30210 98648 96720
8820 97342 28586
69785 96889 93177
92493 94041 19776
73934 98073 15302
30980 99538 30626
83984 99962 20956
91152 97880 75916
92511 97197 94890
33592 99841 20816
83178 99842 31629
13748 98494 86138
63708 95727 74192
86642 96343 60740
70302 98997 28440
47260 95312 35602
77990 98732 16874
42801 98894 5199
26247 96449 8424
59684 97784 61660
48873 94610 37743
16023 97264 63434
27772 99665 77896
94268 99699 34632
15296 95292 70752
72690 99551 49958
45201 98863 16383
78043 97379 76160
6754 97065 46224
54911 94417 55685
544 99336 6710
28246 99673 52635
24592 98308 63562
54556 98507 41942
9069 96596 13299
66330 99284 18326
56888 98987 1772
62602 99851 53528
10661 98744 59374
48176 98821 50554
52536 99801 23548
29007 99193 34605
96026 86701 13718
94255 31805 18851
97650 71768 2790
86656 28413 21664
96572 58319 3449
86040 18133 28680
98575 89374 3943
90332 2274 22583
98610 96116 16435
72982 9416 36491
56906 52467 87666
27746 61479 13873
83880 81372 50328
31578 29936 81438
41041 95238 67158
53376 13693 51152
19971 97028 37089
63284 4737 83973
74550 87513 53250
87903 3995 29301
