100
2 1 2
3 2 2
1 10 1
1 10 2
10 10 8
2 2 4
6 8 9
4 8 1
1 9 1
4 9 10
6 10 10
2 9 1
7 10 7
6 10 10
4 10 1
3 8 3
6 10 3
7 10 1
2 10 8
10 10 6
4 9 10
10 9 10
10 9 2
5 10 1
3 10 9
8 10 2
5 10 1
10 10 4
8 10 10
2 10 6
5 10 10
7 10 1
1 10 1
6 10 1
2 10 2
10 10 2
6 10 9
3 10 3
4 10 2
9 10 9
3 10 9
8 10 1
10 10 8
6 10 9
5 10 5
6 10 4
5 10 10
9 10 9
3 10 3
10 10 4
9 10 6
7 10 1
2 10 2
8 10 4
4 10 10
8 10 8
1 10 1
8 10 10
9 10 6
4 10 2
4 10 8
5 10 5
6 10 2
8 10 4
4 10 2
6 10 2
2 10 4
10 10 2
6 10 4
8 10 4
4 10 10
1 10 1
5 10 1
7 10 7
10 10 2
8 1 4
9 4 3
10 8 2
10 1 5
9 6 3
9 1 3
9 10 3
9 3 3
8 10 4
10 1 2
6 1 1
3 3 5
7 8 6
9 5 5
10 9 6
10 3 8
3 8 6
4 1 2
7 9 3
6 1 1
6 10 6
3 2 2
6 10 8
9 1 3
10 10 9
